id	ManamgementDimension	StrategicDimenision
10897626	9	8
10462787	7	7
10516559	9	9
10487462	6	9
10416004	6	7
10140467	6	8
10451840	6	9
10155743	6	7
10356394	7	7
10712728	7	8
10077948	6	8
10898398	9	7
10927021	7	7
10413695	6	8
10415481	8	7
10543116	9	9
10698685	7	9
10312422	9	9
10572498	8	7
10163950	8	9
10807150	9	9
10389457	7	9
10743341	7	9
10549245	8	7
10093937	8	8
10015956	7	9
10154313	7	7
10352555	8	7
10727801	7	9
10271898	9	9
10628339	6	9
10344238	9	9
10308699	6	7
10091238	8	7
10416925	8	7
10488690	7	8
10054081	9	8
10269441	6	9
10636486	9	7
10545349	6	8
10042248	6	8
10759477	8	7
10691443	8	9
10405567	8	7
10094574	6	7
10280627	9	9
10837476	7	7
10622787	9	7
10281426	8	8
10300532	7	7
10453014	6	7
10582418	8	7
10567734	8	7
10791953	8	9
10070628	8	8
10348880	8	9
10777822	7	8
10959920	8	9
10680055	9	8
10952907	9	8
10396675	8	7
10427012	7	8
10844364	7	9
10316450	8	7
10237610	7	9
10487157	9	7
10989816	8	9
10649462	6	8
10034835	7	7
10257220	6	9
10843973	7	8
10144281	8	7
10904802	6	8
10653527	7	7
10511173	6	9
10114697	7	9
10173114	6	9
10791816	6	7
10775827	9	8
10842905	8	7
10258713	9	7
10070187	7	8
10516968	7	7
10112646	6	7
10443956	8	8
10711669	8	8
10782173	8	9
10565597	8	9
10222119	9	8
10401655	9	7
10493096	9	8
10104644	6	8
10596048	8	8
10761083	9	9
10268384	9	9
10273555	9	7
10590228	6	7
10787424	6	7
10665198	6	7
10385127	9	8
10805200	9	9
10516749	8	7
10924380	7	8
10388664	8	9
10085699	9	8
10531630	6	9
10413231	9	8
10499063	8	8
10706025	8	7
10763672	6	8
10509855	8	8
10115595	9	9
10864734	8	8
10409740	6	7
10188185	6	7
10645349	8	7
10058635	7	9
10068374	9	8
10115607	9	8
10157819	6	8
10752592	9	9
10108754	6	9
10468870	6	7
10021694	9	9
10801308	6	8
10822905	9	7
10235164	8	8
10966686	9	8
10042289	8	9
10199679	9	8
10789162	9	9
10105383	8	7
10216923	7	8
10608588	6	9
10430728	6	9
10784679	6	8
10785469	9	9
10944508	8	8
10906632	8	8
10709203	6	9
10161403	6	9
10960965	8	9
10751595	8	8
10957820	7	7
10327653	6	6
10822003	6	7
10481804	5	6
10637778	6	7
10335040	5	7
10933381	7	6
10836223	4	6
10270516	7	5
10005409	5	8
10495245	7	5
10871067	6	6
10359211	7	8
10612045	7	6
10325001	5	6
10135656	5	8
10261636	7	8
10502797	5	8
10831501	4	7
10607941	6	6
10752155	5	5
10303885	7	5
10734707	4	8
10519389	4	6
10943291	6	5
10801846	6	5
10009277	5	8
10320748	6	8
10244145	4	8
10966587	6	5
10685591	6	7
10841648	4	5
10015128	4	7
10524742	5	7
10278991	4	6
10086098	5	6
10093222	7	7
10877268	6	7
10761594	5	5
10070819	5	8
10303365	7	6
10858461	6	7
10812094	6	8
10436786	6	7
10443495	7	6
10293964	6	6
10109570	5	7
10391882	7	5
10984342	6	6
10459192	6	7
10561572	6	5
10800105	4	7
10756243	7	5
10045373	5	8
10319227	7	5
10059382	4	8
10812403	6	8
10058095	7	7
10260453	7	7
10691126	4	5
10012888	7	7
10591000	6	5
10245428	5	5
10536737	7	8
10342075	7	6
10935877	6	7
10226808	6	7
10816576	4	8
10303557	4	6
10098940	7	8
10744436	6	6
10988523	5	8
10771909	5	7
10724960	4	7
10471127	6	8
10568826	4	5
10724706	5	7
10274869	5	8
10611957	7	7
10909276	6	5
10385123	7	6
10456425	5	7
10215391	5	7
10632185	7	5
10229490	4	6
10892375	7	8
10193414	5	5
10565967	4	8
10520698	4	8
10373692	5	6
10489526	4	6
10117882	5	7
10258779	5	8
10034758	7	7
10831702	4	7
10009439	4	5
10126749	5	7
10504261	5	5
10092282	4	5
10519558	4	5
10270294	7	5
10306518	5	5
10769253	5	6
10957475	5	8
10051502	5	8
10577492	7	5
10144668	5	7
10749180	9	8
10457095	7	7
10327630	9	9
10670945	6	9
10990255	6	7
10433893	6	8
10541859	6	9
10900321	6	7
10965708	7	7
10018212	7	8
10859306	6	8
10557323	9	7
10216661	7	7
10174975	6	8
10034387	8	7
10138828	9	9
10539819	7	9
10862205	9	9
10486982	8	7
10522281	8	9
10280969	9	9
10019319	7	9
10204969	7	9
10171817	8	7
10496422	8	8
10931638	7	9
10851646	7	7
10617720	8	7
10047745	7	9
10794155	9	9
10359421	6	9
10741471	9	9
10667321	6	7
10593631	8	7
10419040	8	7
10070407	7	8
10690806	9	8
10748403	6	9
10415466	9	7
10222166	6	8
10904142	6	8
10846780	8	7
10515169	8	9
10682747	8	7
10570633	6	7
10545502	9	9
10454073	7	7
10037420	9	7
10247561	8	8
10480982	7	7
10232887	6	7
10431763	8	7
10413632	8	7
10020383	8	9
10018469	8	8
10072882	8	9
10525324	7	8
10998072	8	9
10430091	9	8
10037356	9	8
10992292	8	7
10814891	7	8
10029749	7	9
10182240	8	7
10952473	7	9
10249746	9	7
10204361	8	9
10087485	6	8
10173445	7	7
10891490	6	9
10826299	7	8
10394576	8	7
10999858	6	8
10999887	7	7
10933355	6	9
10745766	7	9
10048702	6	9
10730885	6	7
10287572	9	8
10776635	8	7
10973892	9	7
10089616	7	8
10464503	7	7
10121733	6	7
10717436	8	8
10738789	8	8
10814132	8	9
10803138	8	9
10293858	9	8
10155097	9	7
10356090	9	8
10861589	6	8
10748651	8	8
10424474	9	9
10920032	9	9
10773313	9	7
10975045	6	7
10569098	6	7
10449165	6	7
10076438	9	8
10165837	9	9
10353719	8	7
10807731	7	8
10307927	8	9
10476957	9	8
10547664	6	9
10208405	9	8
10021253	8	8
10524392	8	7
10176990	6	8
10801837	8	8
10276596	9	9
10502077	8	8
10845870	6	7
10294357	6	7
10832745	8	7
10655978	7	9
10942078	9	8
10844424	9	8
10501454	6	8
10471790	9	9
10062525	6	9
10531578	6	7
10178222	9	9
10786995	6	8
10314284	9	7
10382196	8	8
10270418	9	8
10879352	8	9
10763816	9	8
10889834	9	9
10260289	8	7
10732622	7	8
10625032	6	9
10334172	6	9
10880818	6	8
10567077	9	9
10011814	8	8
10569654	8	8
10397935	6	9
10285314	6	9
10400424	8	9
10685741	8	8
10381776	7	7
10730106	6	6
10975960	6	7
10522651	5	6
10875544	6	7
10738637	5	7
10064237	7	6
10124681	4	6
10441696	7	5
10166398	5	8
10118121	7	5
10942787	6	6
10092403	7	8
10927431	7	6
10085924	5	6
10165602	5	8
10454527	7	8
10875273	5	8
10556222	4	7
10037047	6	6
10829373	5	5
10659537	7	5
10906669	4	8
10617035	4	6
10053333	6	5
10915994	6	5
10079306	5	8
10867894	6	8
10358992	4	8
10577104	6	5
10918127	6	7
10172233	4	5
10665175	4	7
10259913	5	7
10045709	4	6
10611725	5	6
10740478	7	7
10982422	6	7
10556561	5	5
10945629	5	8
10586741	7	6
10908102	6	7
10146689	6	8
10891466	6	7
10846271	7	6
10647271	6	6
10423261	5	7
10349201	7	5
10562825	6	6
10592736	6	7
10271050	6	5
10510512	4	7
10250578	7	5
10232376	5	8
10206892	7	5
10458850	4	8
10823367	6	8
10133005	7	7
10835984	7	7
10947253	4	5
10513041	7	7
10567303	6	5
10068876	5	5
10189896	7	8
10001910	7	6
10996899	6	7
10333396	6	7
10941588	4	8
10408885	4	6
10491982	7	8
10362399	6	6
10195056	5	8
10666773	5	7
10005597	4	7
10369027	6	8
10188233	4	5
10887686	5	7
10292674	5	8
10078196	7	7
10239900	6	5
10653779	7	6
10906820	5	7
10461188	5	7
10042828	7	5
10681007	4	6
10883359	7	8
10947939	5	5
10957210	4	8
10277146	4	8
10407030	5	6
10657579	4	6
10965122	5	7
10189524	5	8
10561482	7	7
10446675	4	7
10668089	4	5
10766245	5	7
10741561	5	5
10092878	4	5
10373041	4	5
10155093	7	5
10602912	5	5
10058074	5	6
10141904	5	8
10393216	5	8
10611589	7	5
10403929	5	7
10150202	9	8
10253736	7	7
10582537	9	9
10203684	6	9
10969572	6	7
10060483	6	8
10390846	6	9
10534233	6	7
10277766	7	7
10799528	7	8
10396918	6	8
10879279	9	7
10779033	7	7
10972368	6	8
10085993	8	7
10059136	9	9
10167963	7	9
10146778	9	9
10285168	8	7
10086017	8	9
10879719	9	9
10350251	7	9
10972920	7	9
10785436	8	7
10564620	8	8
10696536	7	9
10007777	7	7
10256227	8	7
10780515	7	9
10337112	9	9
10415699	6	9
10907056	9	9
10240168	6	7
10823192	8	7
10337837	8	7
10398537	7	8
10331622	9	8
10915847	6	9
10600483	9	7
10427918	6	8
10670010	6	8
10796902	8	7
10818842	8	9
10085747	8	7
10766481	6	7
10665013	9	9
10473747	7	7
10710047	9	7
10580148	8	8
10519552	7	7
10063864	6	7
10777037	8	7
10027859	8	7
10583547	8	9
10634098	8	8
10554785	8	9
10057696	7	8
10917263	8	9
10020490	9	8
10367344	9	8
10715253	8	7
10799355	7	8
10212753	7	9
10340173	8	7
10451781	7	9
10744030	9	7
10825880	8	9
10953820	6	8
10803430	7	7
10228066	6	9
10107315	7	8
10680166	8	7
10560289	6	8
10117338	7	7
10038918	6	9
10774573	7	9
10803185	6	9
10978139	6	7
10911574	9	8
10739322	8	7
10959420	9	7
10622867	7	8
10901957	7	7
10352023	6	7
10567540	8	8
10487655	8	8
10949963	8	9
10906770	8	9
10738280	9	8
10176112	9	7
10407282	9	8
10683083	6	8
10153444	8	8
10493263	9	9
10931677	9	9
10979573	9	7
10695693	6	7
10216483	6	7
10735146	6	7
10657298	9	8
10251327	9	9
10343923	8	7
10285232	7	8
10116161	8	9
10533125	9	8
10083408	6	9
10113819	9	8
10533491	8	8
10152168	8	7
10979932	6	8
10268533	8	8
10807127	9	9
10952622	8	8
10618080	6	7
10412124	6	7
10729271	8	7
10773915	7	9
10958405	9	8
10768166	9	8
10538843	6	8
10412246	9	9
10678644	6	9
10818945	6	7
10660243	9	9
10615227	6	8
10290949	9	7
10420193	8	8
10104559	9	8
10367742	8	9
10136254	9	8
10641865	9	9
10870475	8	7
10666698	7	8
10818206	6	9
10143351	6	9
10998641	6	8
10089134	9	9
10469423	8	8
10053632	8	8
10335685	6	9
10975432	6	9
10013606	8	9
10383528	8	8
10952691	7	7
10722204	6	6
10609717	6	7
10933133	5	6
10371340	6	7
10824367	5	7
10990291	7	6
10276539	4	6
10179810	7	5
10017746	5	8
10958355	7	5
10878435	6	6
10233848	7	8
10236091	7	6
10707778	5	6
10318752	5	8
10284991	7	8
10826615	5	8
10839766	4	7
10488225	6	6
10164221	5	5
10576090	7	5
10648584	4	8
10975400	4	6
10714917	6	5
10130594	6	5
10456887	5	8
10516271	6	8
10937984	4	8
10501775	6	5
10453886	6	7
10389635	4	5
10815048	4	7
10487797	5	7
10661675	4	6
10317386	5	6
10047977	7	7
10808153	6	7
10939052	5	5
10148394	5	8
10158966	7	6
10166839	6	7
10488146	6	8
10052077	6	7
10257676	7	6
10809139	6	6
10502600	5	7
10592121	7	5
10171973	6	6
10847428	6	7
10721853	6	5
10712076	4	7
10107430	7	5
10516001	5	8
10321220	7	5
10043401	4	8
10703470	6	8
10254309	7	7
10722261	7	7
10377423	4	5
10177979	7	7
10157359	6	5
10500779	5	5
10244756	7	8
10783007	7	6
10930969	6	7
10330359	6	7
10334855	4	8
10714915	4	6
10008253	7	8
10476166	6	6
10292019	5	8
10888623	5	7
10410127	4	7
10132010	6	8
10046884	4	5
10461272	5	7
10312773	5	8
10523085	7	7
10410430	6	5
10324279	7	6
10234996	5	7
10775194	5	7
10981212	7	5
10254346	4	6
10818006	7	8
10588745	5	5
10193623	4	8
10992538	4	8
10457964	5	6
10875410	4	6
10210294	5	7
10933646	5	8
10685875	7	7
10699530	4	7
10376540	4	5
10482409	5	7
10396339	5	5
10848410	4	5
10202569	4	5
10563704	7	5
10667361	5	5
10995858	5	6
10060496	5	8
10178712	5	8
10711305	7	5
10350370	5	7
10438879	9	8
10957481	7	7
10224929	9	9
10719645	6	9
10201554	6	7
10893856	6	8
10165340	6	9
10572742	6	7
10930899	7	7
10565890	7	8
10821425	6	8
10520656	9	7
10948244	7	7
10138328	6	8
10722016	8	7
10376773	9	9
10334338	7	9
10388635	9	9
10493578	8	7
10796025	8	9
10716620	9	9
10478530	7	9
10971645	7	9
10380623	8	7
10765348	8	8
10858968	7	9
10697262	7	7
10356114	8	7
10097014	7	9
10764657	9	9
10261097	6	9
10660723	9	9
10172028	6	7
10597597	8	7
10737575	8	7
10765788	7	8
10418273	9	8
10191600	6	9
10529234	9	7
10110125	6	8
10925484	6	8
10032511	8	7
10033807	8	9
10152874	8	7
10856895	6	7
10664373	9	9
10789976	7	7
10535910	9	7
10040682	8	8
10476245	7	7
10601038	6	7
10683339	8	7
10175720	8	7
10356583	8	9
10459029	8	8
10478756	8	9
10063187	7	8
10562846	8	9
10884227	9	8
10923839	9	8
10902147	8	7
10704574	7	8
10015744	7	9
10800147	8	7
10082243	7	9
10798604	9	7
10128912	8	9
10253236	6	8
10922486	7	7
10890627	6	9
10970661	7	8
10953023	8	7
10201200	6	8
10193259	7	7
10682641	6	9
10875984	7	9
10302369	6	9
10082532	6	7
10788986	9	8
10826910	8	7
10015487	9	7
10834590	7	8
10509681	7	7
10125245	6	7
10343629	8	8
10464682	8	8
10963452	8	9
10683363	8	9
10812707	9	8
10634438	9	7
10832579	9	8
10343561	6	8
10317227	8	8
10155966	9	9
10982226	9	9
10117791	9	7
10120038	6	7
10627729	6	7
10326626	6	7
10172058	9	8
10068357	9	9
10473421	8	7
10186621	7	8
10890339	8	9
10625761	9	8
10715345	6	9
10242232	9	8
10003296	8	8
10042207	8	7
10349655	6	8
10958735	8	8
10378959	9	9
10453704	8	8
10133461	6	7
10100096	6	7
10402158	8	7
10723988	7	9
10273445	9	8
10813183	9	8
10388174	6	8
10373235	9	9
10936359	6	9
10352974	6	7
10804315	9	9
10008765	6	8
10155765	9	7
10147419	8	8
10050681	9	8
10762295	8	9
10040625	9	8
10593297	9	9
10273034	8	7
10709447	7	8
10447176	6	9
10784343	6	9
10154574	6	8
10535910	9	9
10791078	8	8
10797157	8	8
10779428	6	9
10589372	6	9
10532837	8	9
10577697	8	8
10245468	7	7
10876838	6	6
10187852	6	7
10750531	5	6
10660411	6	7
10359913	5	7
10869648	7	6
10968277	4	6
10729678	7	5
10355005	5	8
10613493	7	5
10659948	6	6
10270990	7	8
10113661	7	6
10575581	5	6
10660582	5	8
10672816	7	8
10281773	5	8
10723284	4	7
10126657	6	6
10729107	5	5
10490838	7	5
10959896	4	8
10455176	4	6
10377458	6	5
10139144	6	5
10554759	5	8
10116356	6	8
10037903	4	8
10683655	6	5
10441849	6	7
10573471	4	5
10545119	4	7
10358230	5	7
10295418	4	6
10780339	5	6
10583692	7	7
10304498	6	7
10075139	5	5
10116333	5	8
10076342	7	6
10795147	6	7
10012137	6	8
10911891	6	7
10987637	7	6
10971485	6	6
10861053	5	7
10792920	7	5
10965491	6	6
10435375	6	7
10330733	6	5
10547642	4	7
10339133	7	5
10075443	5	8
10295213	7	5
10583588	4	8
10752350	6	8
10064168	7	7
10712651	7	7
10990609	4	5
10573374	7	7
10088696	6	5
10426535	5	5
10819607	7	8
10888604	7	6
10015525	6	7
10120269	6	7
10760028	4	8
10447715	4	6
10310806	7	8
10360303	6	6
10355626	5	8
10253188	5	7
10274051	4	7
10761786	6	8
10049564	4	5
10832414	5	7
10295937	5	8
10553969	7	7
10125723	6	5
10797705	7	6
10497072	5	7
10384372	5	7
10908074	7	5
10550251	4	6
10740900	7	8
10541638	5	5
10754733	4	8
10866334	4	8
10590535	5	6
10705659	4	6
10859109	5	7
10059704	5	8
10271683	7	7
10232594	4	7
10614381	4	5
10828219	5	7
10597738	5	5
10996035	4	5
10450438	4	5
10593324	7	5
10480971	5	5
10952041	5	6
10922112	5	8
10668878	5	8
10189534	7	5
10020299	5	7
10137847	9	8
10659452	7	7
10359364	9	9
10753174	6	9
10042741	6	7
10711979	6	8
10506208	6	9
10656814	6	7
10515742	7	7
10741491	7	8
10005203	6	8
10314614	9	7
10851904	7	7
10370063	6	8
10113835	8	7
10523857	9	9
10528454	7	9
10184668	9	9
10532851	8	7
10868158	8	9
10566004	9	9
10786107	7	9
10263602	7	9
10185225	8	7
10471620	8	8
10181455	7	9
10637316	7	7
10750187	8	7
10495511	7	9
10110587	9	9
10761852	6	9
10760105	9	9
10944103	6	7
10879935	8	7
10770693	8	7
10587170	7	8
10383873	9	8
10043661	6	9
10778634	9	7
10780701	6	8
10562134	6	8
10596254	8	7
10321967	8	9
10450290	8	7
10875116	6	7
10475476	9	9
10371051	7	7
10416084	9	7
10000274	8	8
10959853	7	7
10279114	6	7
10487357	8	7
10798561	8	7
10766521	8	9
10327390	8	8
10234847	8	9
10219055	7	8
10563052	8	9
10435109	9	8
10210167	9	8
10340434	8	7
10221879	7	8
10257236	7	9
10054217	8	7
10488619	7	9
10556921	9	7
10530926	8	9
10228578	6	8
10067720	7	7
10100341	6	9
10748581	7	8
10168392	8	7
10139679	6	8
10854135	7	7
10347474	6	9
10490693	7	9
10035357	6	9
10622781	6	7
10122863	9	8
10013896	8	7
10583243	9	7
10178184	7	8
10352744	7	7
10266464	6	7
10537854	8	8
10521560	8	8
10359653	8	9
10087746	8	9
10057853	9	8
10858181	9	7
10827930	9	8
10357970	6	8
10836941	8	8
10632904	9	9
10587451	9	9
10950462	9	7
10157446	6	7
10480244	6	7
10953469	6	7
10770061	9	8
10740776	9	9
10671006	8	7
10511249	7	8
10591251	8	9
10817790	9	8
10108089	6	9
10394330	9	8
10463501	8	8
10516458	8	7
10760294	6	8
10572816	8	8
10150966	9	9
10851906	8	8
10046035	6	7
10048162	6	7
10883513	8	7
10232175	7	9
10209798	9	8
10586414	9	8
10937543	6	8
10647514	9	9
10950934	6	9
10651418	6	7
10985948	9	9
10144324	6	8
10966444	9	7
10981147	8	8
10195298	9	8
10974242	8	9
10012774	9	8
10695277	9	9
10626442	8	7
10329564	7	8
10715355	6	9
10020265	6	9
10151491	6	8
10183969	9	9
10743907	8	8
10351345	8	8
10709560	6	9
10276347	6	9
10083694	8	9
10576911	8	8
10203631	7	7
10959798	6	6
10470096	6	7
10352249	5	6
10761480	6	7
10617148	5	7
10315812	7	6
10907861	4	6
10659011	7	5
10765144	5	8
10260872	7	5
10822063	6	6
10345186	7	8
10610610	7	6
10515036	5	6
10926436	5	8
10187049	7	8
10859088	5	8
10855313	4	7
10274663	6	6
10368161	5	5
10355766	7	5
10804584	4	8
10247682	4	6
10255721	6	5
10530393	6	5
10546542	5	8
10869535	6	8
10790164	4	8
10262269	6	5
10408040	6	7
10663753	4	5
10123723	4	7
10778068	5	7
10602775	4	6
10307724	5	6
10214634	7	7
10377651	6	7
10131712	5	5
10200658	5	8
10443205	7	6
10396583	6	7
10765950	6	8
10478413	6	7
10763756	7	6
10850887	6	6
10910260	5	7
10550989	7	5
10617281	6	6
10766839	6	7
10060267	6	5
10967562	4	7
10679674	7	5
10901704	5	8
10572518	7	5
10055027	4	8
10045756	6	8
10425071	7	7
10696961	7	7
10442899	4	5
10323329	7	7
10530977	6	5
10544567	5	5
10518958	7	8
10931378	7	6
10829102	6	7
10185117	6	7
10220171	4	8
10417420	4	6
10703253	7	8
10599126	6	6
10284441	5	8
10144491	5	7
10345414	4	7
10925633	6	8
10668591	4	5
10452468	5	7
10113665	5	8
10040142	7	7
10590077	6	5
10568701	7	6
10993576	5	7
10562953	5	7
10110048	7	5
10173808	4	6
10303677	7	8
10246555	5	5
10331424	4	8
10563741	4	8
10994678	5	6
10463454	4	6
10283518	5	7
10119148	5	8
10961182	7	7
10271375	4	7
10061041	4	5
10629106	5	7
10489096	5	5
10288525	4	5
10451799	4	5
10365450	7	5
10242951	5	5
10307380	5	6
10049843	5	8
10237320	5	8
10907081	7	5
10492585	5	7
10523344	9	8
10490951	7	7
10004300	9	9
10980631	6	9
10989666	6	7
10047644	6	8
10960162	6	9
10045005	6	7
10013815	7	7
10759063	7	8
10079815	6	8
10925181	9	7
10112523	7	7
10689546	6	8
10532306	8	7
10643434	9	9
10345878	7	9
10733751	9	9
10859801	8	7
10818931	8	9
10483875	9	9
10530184	7	9
10388647	7	9
10772839	8	7
10022029	8	8
10747815	7	9
10685246	7	7
10541346	8	7
10431202	7	9
10485468	9	9
10905348	6	9
10875517	9	9
10599986	6	7
10272590	8	7
10329044	8	7
10764031	7	8
10272410	9	8
10527271	6	9
10622710	9	7
10502322	6	8
10555991	6	8
10653342	8	7
10527556	8	9
10219293	8	7
10896425	6	7
10932050	9	9
10184547	7	7
10010667	9	7
10599044	8	8
10933625	7	7
10672239	6	7
10262211	8	7
10350348	8	7
10479230	8	9
10679608	8	8
10158267	8	9
10182496	7	8
10669683	8	9
10099880	9	8
10120178	9	8
10902637	8	7
10150442	7	8
10247781	7	9
10722304	8	7
10817952	7	9
10602686	9	7
10506666	8	9
10123426	6	8
10169860	7	7
10084571	6	9
10336311	7	8
10559389	8	7
10317913	6	8
10968803	7	7
10675586	6	9
10191525	7	9
10982682	6	9
10602820	6	7
10281663	9	8
10583799	8	7
10769486	9	7
10672635	7	8
10643544	7	7
10343950	6	7
10948718	8	8
10780050	8	8
10504516	8	9
10558086	8	9
10188964	9	8
10884615	9	7
10403371	9	8
10943470	6	8
10511549	8	8
10425892	9	9
10656631	9	9
10147446	9	7
10159388	6	7
10624914	6	7
10695707	6	7
10789879	9	8
10449086	9	9
10722177	8	7
10150592	7	8
10727802	8	9
10361235	9	8
10221733	6	9
10883980	9	8
10128808	8	8
10473725	8	7
10961205	6	8
10004423	8	8
10151575	9	9
10395392	8	8
10793587	6	7
10544537	6	7
10747667	8	7
10815297	7	9
10171083	9	8
10901223	9	8
10949491	6	8
10755730	9	9
10593030	6	9
10305140	6	7
10496681	9	9
10693488	6	8
10619624	9	7
10628773	8	8
10961579	9	8
10808162	8	9
10531687	9	8
10890517	9	9
10368250	8	7
10301296	7	8
10496296	6	9
10135650	6	9
10212739	6	8
10927698	9	9
10477511	8	8
10260000	8	8
10201066	6	9
10024622	6	9
10378658	8	9
10307224	8	8
10710858	7	7
10062315	6	6
10456138	6	7
10995348	5	6
10288550	6	7
10622909	5	7
10999445	7	6
10307279	4	6
10713800	7	5
10324420	5	8
10758577	7	5
10648425	6	6
10463969	7	8
10378721	7	6
10571237	5	6
10315867	5	8
10364660	7	8
10949767	5	8
10967317	4	7
10379860	6	6
10743485	5	5
10513839	7	5
10859933	4	8
10457545	4	6
10628687	6	5
10249859	6	5
10310347	5	8
10863639	6	8
10663485	4	8
10886391	6	5
10961760	6	7
10933359	4	5
10435997	4	7
10535862	5	7
10512568	4	6
10608494	5	6
10657980	7	7
10987560	6	7
10470780	5	5
10876962	5	8
10774509	7	6
10861943	6	7
10482143	6	8
10185505	6	7
10418135	7	6
10130995	6	6
10301849	5	7
10809694	7	5
10888778	6	6
10690481	6	7
10405621	6	5
10280785	4	7
10120177	7	5
10943018	5	8
10411030	7	5
10084265	4	8
10571727	6	8
10340882	7	7
10955374	7	7
10656699	4	5
10466367	7	7
10147100	6	5
10485992	5	5
10533515	7	8
10429667	7	6
10649171	6	7
10538363	6	7
10521474	4	8
10168450	4	6
10047214	7	8
10957537	6	6
10556158	5	8
10704679	5	7
10403090	4	7
10092471	6	8
10829708	4	5
10738278	5	7
10536313	5	8
10427579	7	7
10435053	6	5
10927241	7	6
10034229	5	7
10424620	5	7
10028712	7	5
10055120	4	6
10098051	7	8
10830305	5	5
10973816	4	8
10085495	4	8
10816273	5	6
10735244	4	6
10054050	5	7
10542958	5	8
10304951	7	7
10214999	4	7
10979880	4	5
10699989	5	7
10327497	5	5
10639185	4	5
10195524	4	5
10627008	7	5
10239855	5	5
10867863	5	6
10966044	5	8
10013131	5	8
10509472	7	5
10150946	5	7
10151367	9	8
10149139	7	7
10084462	9	9
10185132	6	9
10913997	6	7
10501444	6	8
10629334	6	9
10423322	6	7
10734357	7	7
10949600	7	8
10404533	6	8
10312950	9	7
10051271	7	7
10399950	6	8
10803050	8	7
10750108	9	9
10943226	7	9
10771375	9	9
10028884	8	7
10938100	8	9
10602948	9	9
10621390	7	9
10389730	7	9
10314802	8	7
10029385	8	8
10634760	7	9
10306614	7	7
10264582	8	7
10975106	7	9
10533402	9	9
10194616	6	9
10673010	9	9
10971078	6	7
10857636	8	7
10321856	8	7
10028088	7	8
10342534	9	8
10029721	6	9
10700440	9	7
10582380	6	8
10367898	6	8
10240716	8	7
10211292	8	9
10453248	8	7
10810609	6	7
10634801	9	9
10091005	7	7
10679416	9	7
10058874	8	8
10065370	7	7
10604678	6	7
10432876	8	7
10633775	8	7
10680445	8	9
10831487	8	8
10786526	8	9
10642776	7	8
10130954	8	9
10365608	9	8
10921095	9	8
10972858	8	7
10628466	7	8
10648831	7	9
10898674	8	7
10822669	7	9
10419794	9	7
10013707	8	9
10507506	6	8
10206784	7	7
10107955	6	9
10461364	7	8
10612762	8	7
10996772	6	8
10145846	7	7
10936410	6	9
10345212	7	9
10165578	6	9
10315054	6	7
10562950	9	8
10229171	8	7
10235943	9	7
10566916	7	8
10170294	7	7
10008890	6	7
10459596	8	8
10974423	8	8
10599967	8	9
10264470	8	9
10505642	9	8
10060660	9	7
10642326	9	8
10155946	6	8
10571999	8	8
10487560	9	9
10463923	9	9
10373036	9	7
10771404	6	7
10303590	6	7
10718321	6	7
10629046	9	8
10465121	9	9
10903010	8	7
10340444	7	8
10598241	8	9
10034587	9	8
10775889	6	9
10258659	9	8
10228491	8	8
10321520	8	7
10040547	6	8
10565629	8	8
10588074	9	9
10385906	8	8
10421986	6	7
10892916	6	7
10517427	8	7
10923774	7	9
10742176	9	8
10088190	9	8
10023197	6	8
10489616	9	9
10563056	6	9
10744651	6	7
10098601	9	9
10977049	6	8
10155367	9	7
10893240	8	8
10646451	9	8
10007003	8	9
10484690	9	8
10932569	9	9
10785018	8	7
10979827	7	8
10335588	6	9
10088433	6	9
10520708	6	8
10644814	9	9
10079297	8	8
10814957	8	8
10344629	6	9
10730689	6	9
10321125	8	9
10838493	8	8
10061499	7	7
10963157	6	6
10048923	6	7
10477751	5	6
10365405	6	7
10445013	5	7
10751394	7	6
10192298	4	6
10711491	7	5
10143558	5	8
10101570	7	5
10045420	6	6
10329556	7	8
10601163	7	6
10082191	5	6
10076735	5	8
10000865	7	8
10277252	5	8
10845847	4	7
10196028	6	6
10543981	5	5
10347556	7	5
10491091	4	8
10164897	4	6
10350962	6	5
10292095	6	5
10272997	5	8
10221101	6	8
10130914	4	8
10097308	6	5
10439587	6	7
10965638	4	5
10649404	4	7
10909116	5	7
10578409	4	6
10784629	5	6
10441447	7	7
10174878	6	7
10298090	5	5
10272030	5	8
10452352	7	6
10895121	6	7
10960852	6	8
10272733	6	7
10892184	7	6
10377174	6	6
10060236	5	7
10377630	7	5
10530403	6	6
10683737	6	7
10299359	6	5
10386155	4	7
10306681	7	5
10241719	5	8
10450029	7	5
10255501	4	8
10370378	6	8
10027634	7	7
10787397	7	7
10896472	4	5
10533658	7	7
10809211	6	5
10357881	5	5
10873597	7	8
10736370	7	6
10851580	6	7
10004933	6	7
10141379	4	8
10199615	4	6
10706616	7	8
10576179	6	6
10237795	5	8
10625792	5	7
10926282	4	7
10185421	6	8
10672916	4	5
10052164	5	7
10067369	5	8
10730268	7	7
10926434	6	5
10383270	7	6
10681415	5	7
10482480	5	7
10025841	7	5
10463224	4	6
10998003	7	8
10458637	5	5
10043051	4	8
10825446	4	8
10135068	5	6
10194712	4	6
10487119	5	7
10009749	5	8
10957281	7	7
10739718	4	7
10474570	4	5
10667420	5	7
10589366	5	5
10993803	4	5
10910327	4	5
10996955	7	5
10085368	5	5
10458950	5	6
10942482	5	8
10427157	5	8
10197895	7	5
10426401	5	7
10041551	9	8
10969930	7	7
10871945	9	9
10784036	6	9
10461573	6	7
10463680	6	8
10469645	6	9
10939396	6	7
10642402	7	7
10651898	7	8
10705145	6	8
10365295	9	7
10695070	7	7
10040863	6	8
10263264	8	7
10995838	9	9
10149476	7	9
10906657	9	9
10698411	8	7
10283610	8	9
10169423	9	9
10646785	7	9
10302017	7	9
10079107	8	7
10230724	8	8
10531156	7	9
10327655	7	7
10583489	8	7
10788253	7	9
10811077	9	9
10610008	6	9
10289777	9	9
10248529	6	7
10077226	8	7
10549784	8	7
10110536	7	8
10313956	9	8
10868552	6	9
10258195	9	7
10382508	6	8
10783041	6	8
10965736	8	7
10593667	8	9
10237752	8	7
10586935	6	7
10872420	9	9
10256203	7	7
10674482	9	7
10848100	8	8
10305811	7	7
10335599	6	7
10149728	8	7
10389295	8	7
10591676	8	9
10797363	8	8
10753896	8	9
10648336	7	8
10080812	8	9
10579532	9	8
10917881	9	8
10257316	8	7
10411647	7	8
10071160	7	9
10609954	8	7
10225688	7	9
10171708	9	7
10429609	8	9
10810703	6	8
10667916	7	7
10225761	6	9
10161135	7	8
10089023	8	7
10242512	6	8
10713704	7	7
10102520	6	9
10432460	7	9
10040783	6	9
10925559	6	7
10228754	9	8
10307396	8	7
10324836	9	7
10399653	7	8
10864149	7	7
10704651	6	7
10827743	8	8
10823020	8	8
10683260	8	9
10582618	8	9
10320799	9	8
10356922	9	7
10806931	9	8
10736245	6	8
10673862	8	8
10028631	9	9
10008548	9	9
10118309	9	7
10827224	6	7
10959122	6	7
10918162	6	7
10135091	9	8
10455219	9	9
10472213	8	7
10963088	7	8
10806556	8	9
10705251	9	8
10452437	6	9
10934148	9	8
10200632	8	8
10891407	8	7
10163862	6	8
10556554	8	8
10684558	9	9
10243838	8	8
10908196	6	7
10306136	6	7
10094916	8	7
10510772	7	9
10098487	9	8
10917455	9	8
10447407	6	8
10444428	9	9
10497210	6	9
10511202	6	7
10128105	9	9
10986026	6	8
10236307	9	7
10033416	8	8
10076984	9	8
10554759	8	9
10989806	9	8
10751217	9	9
10734546	8	7
10020583	7	8
10524989	6	9
10417063	6	9
10983971	6	8
10039638	9	9
10674470	8	8
10526656	8	8
10317579	6	9
10988035	6	9
10469257	8	9
10136767	8	8
10165078	7	7
10619157	6	6
10622256	6	7
10768124	5	6
10151261	6	7
10408316	5	7
10991126	7	6
10538690	4	6
10820102	7	5
10172561	5	8
10120515	7	5
10697730	6	6
10975001	7	8
10254466	7	6
10657168	5	6
10377259	5	8
10963861	7	8
10282811	5	8
10217597	4	7
10789943	6	6
10053733	5	5
10992311	7	5
10411012	4	8
10259741	4	6
10652757	6	5
10090103	6	5
10960753	5	8
10509937	6	8
10639352	4	8
10691865	6	5
10483280	6	7
10030396	4	5
10522852	4	7
10141749	5	7
10887627	4	6
10216297	5	6
10816884	7	7
10882574	6	7
10044673	5	5
10942065	5	8
10917987	7	6
10422487	6	7
10040590	6	8
10009435	6	7
10689073	7	6
10045493	6	6
10792999	5	7
10540671	7	5
10157341	6	6
10701772	6	7
10730857	6	5
10181598	4	7
10045329	7	5
10213272	5	8
10140905	7	5
10682532	4	8
10600166	6	8
10980926	7	7
10680003	7	7
10152682	4	5
10551775	7	7
10023032	6	5
10816452	5	5
10372928	7	8
10888405	7	6
10305080	6	7
10753512	6	7
10872749	4	8
10534502	4	6
10560450	7	8
10945361	6	6
10809820	5	8
10473029	5	7
10997568	4	7
10982381	6	8
10358804	4	5
10871729	5	7
10322887	5	8
10259746	7	7
10379269	6	5
10640883	7	6
10737226	5	7
10808477	5	7
10952508	7	5
10821478	4	6
10064118	7	8
10458787	5	5
10335050	4	8
10035988	4	8
10595071	5	6
10468439	4	6
10196436	5	7
10191296	5	8
10995291	7	7
10518219	4	7
10355746	4	5
10202126	5	7
10883097	5	5
10930970	4	5
10896228	4	5
10121662	7	5
10026135	5	5
10655284	5	6
10374538	5	8
10821606	5	8
10456682	7	5
10576500	5	7
10658991	9	8
10235031	7	7
10805535	9	9
10720564	6	9
10666058	6	7
10317923	6	8
10764650	6	9
10028604	6	7
10181191	7	7
10365446	7	8
10614193	6	8
10961923	9	7
10262828	7	7
10502699	6	8
10890080	8	7
10519613	9	9
10521256	7	9
10964064	9	9
10179744	8	7
10080385	8	9
10441336	9	9
10227733	7	9
10784269	7	9
10767357	8	7
10484628	8	8
10014547	7	9
10998764	7	7
10541320	8	7
10875908	7	9
10358462	9	9
10619343	6	9
10333098	9	9
10625989	6	7
10852674	8	7
10189963	8	7
10398315	7	8
10829497	9	8
10557162	6	9
10729876	9	7
10371883	6	8
10059092	6	8
10105994	8	7
10492169	8	9
10951553	8	7
10726175	6	7
10442916	9	9
10738478	7	7
10878854	9	7
10573790	8	8
10768896	7	7
10946187	6	7
10832705	8	7
10063214	8	7
10958913	8	9
10664206	8	8
10225716	8	9
10294347	7	8
10518073	8	9
10238322	9	8
10981402	9	8
10660884	8	7
10425656	7	8
10860768	7	9
10791932	8	7
10069231	7	9
10744763	9	7
10927445	8	9
10949413	6	8
10928214	7	7
10060663	6	9
10218028	7	8
10971629	8	7
10814061	6	8
10379690	7	7
10530247	6	9
10917672	7	9
10457433	6	9
10748916	6	7
10576350	9	8
10121924	8	7
10978353	9	7
10898271	7	8
10225073	7	7
10867835	6	7
10871982	8	8
10788038	8	8
10275177	8	9
10694609	8	9
10737142	9	8
10717157	9	7
10945926	9	8
10839997	6	8
10450643	8	8
10388731	9	9
10268455	9	9
10421772	9	7
10160685	6	7
10670705	6	7
10860808	6	7
10959527	9	8
10996112	9	9
10101735	8	7
10094519	7	8
10267466	8	9
10461801	9	8
10390746	6	9
10260208	9	8
10051549	8	8
10061511	8	7
10639555	6	8
10012819	8	8
10554687	9	9
10324132	8	8
10181778	6	7
10827486	6	7
10648131	8	7
10583203	7	9
10040969	9	8
10790874	9	8
10582701	6	8
10852260	9	9
10384302	6	9
10681936	6	7
10698925	9	9
10962278	6	8
10395150	9	7
10394266	8	8
10030646	9	8
10753539	8	9
10309307	9	8
10684066	9	9
10581975	8	7
10687084	7	8
10011964	6	9
10617732	6	9
10410006	6	8
10478959	9	9
10076124	8	8
10271763	8	8
10905636	6	9
10650666	6	9
10071880	8	9
10844971	8	8
10000369	7	7
10146402	6	6
10171284	6	7
10514787	5	6
10982892	6	7
10718859	5	7
10943117	7	6
10685056	4	6
10310483	7	5
10309744	5	8
10098245	7	5
10821834	6	6
10881046	7	8
10114603	7	6
10051315	5	6
10717642	5	8
10053347	7	8
10993241	5	8
10893370	4	7
10833506	6	6
10818492	5	5
10666440	7	5
10635832	4	8
10061037	4	6
10421854	6	5
10438938	6	5
10015717	5	8
10954432	6	8
10579577	4	8
10321851	6	5
10642706	6	7
10650569	4	5
10093246	4	7
10063350	5	7
10360103	4	6
10205425	5	6
10950327	7	7
10492007	6	7
10622411	5	5
10986461	5	8
10738190	7	6
10231730	6	7
10563235	6	8
10976020	6	7
10820163	7	6
10061569	6	6
10607414	5	7
10410260	7	5
10577136	6	6
10500682	6	7
10448243	6	5
10731166	4	7
10912901	7	5
10900811	5	8
10775707	7	5
10600814	4	8
10142695	6	8
10815791	7	7
10478647	7	7
10800648	4	5
10813273	7	7
10955253	6	5
10403844	5	5
10691799	7	8
10547285	7	6
10579034	6	7
10819381	6	7
10316104	4	8
10115933	4	6
10738728	7	8
10496132	6	6
10038683	5	8
10031983	5	7
10195437	4	7
10199262	6	8
10874112	4	5
10653165	5	7
10686165	5	8
10580355	7	7
10471997	6	5
10612041	7	6
10752249	5	7
10669277	5	7
10680364	7	5
10858736	4	6
10890685	7	8
10693342	5	5
10195332	4	8
10893223	4	8
10647945	5	6
10994485	4	6
10945834	5	7
10547385	5	8
10850217	7	7
10805290	4	7
10276495	4	5
10125327	5	7
10345394	5	5
10659879	4	5
10638864	4	5
10476530	7	5
10768848	5	5
10017878	5	6
10768762	5	8
10530461	5	8
10762956	7	5
10800980	5	7
10521108	9	8
10663757	7	7
10466268	9	9
10053829	6	9
10923899	6	7
10470464	6	8
10559798	6	9
10747480	6	7
10477114	7	7
10384708	7	8
10893922	6	8
10934512	9	7
10585826	7	7
10731939	6	8
10620945	8	7
10887422	9	9
10086920	7	9
10825854	9	9
10958493	8	7
10764623	8	9
10931701	9	9
10715790	7	9
10353524	7	9
10409887	8	7
10287904	8	8
10770247	7	9
10316107	7	7
10085276	8	7
10398019	7	9
10707326	9	9
10934260	6	9
10811292	9	9
10288361	6	7
10086049	8	7
10235128	8	7
10893944	7	8
10322717	9	8
10705270	6	9
10815292	9	7
10515222	6	8
10867048	6	8
10799548	8	7
10287995	8	9
10117885	8	7
10814647	6	7
10925988	9	9
10979647	7	7
10288528	9	7
10682985	8	8
10537031	7	7
10451571	6	7
10289594	8	7
10436923	8	7
10907029	8	9
10848854	8	8
10894157	8	9
10176636	7	8
10878738	8	9
10803528	9	8
10346637	9	8
10856488	8	7
10626260	7	8
10538941	7	9
10317276	8	7
10594356	7	9
10171891	9	7
10522347	8	9
10872664	6	8
10044571	7	7
10641324	6	9
10087744	7	8
10320300	8	7
10673155	6	8
10590442	7	7
10567849	6	9
10081753	7	9
10969206	6	9
10057840	6	7
10408385	9	8
10051373	8	7
10581410	9	7
10110872	7	8
10171997	7	7
10009467	6	7
10089943	8	8
10027707	8	8
10769446	8	9
10682625	8	9
10813491	9	8
10234827	9	7
10420871	9	8
10569830	6	8
10365114	8	8
10447967	9	9
10591816	9	9
10926322	9	7
10802555	6	7
10213488	6	7
10700848	6	7
10828350	9	8
10971776	9	9
10497244	8	7
10278225	7	8
10180516	8	9
10569918	9	8
10525551	6	9
10038795	9	8
10020163	8	8
10623822	8	7
10839400	6	8
10691854	8	8
10250955	9	9
10417566	8	8
10948702	6	7
10281189	6	7
10286158	8	7
10195105	7	9
10992110	9	8
10698437	9	8
10064357	6	8
10636102	9	9
10052261	6	9
10453358	6	7
10363351	9	9
10542042	6	8
10444400	9	7
10142999	8	8
10166464	9	8
10493107	8	9
10567283	9	8
10508492	9	9
10478544	8	7
10110365	7	8
10336390	6	9
10725629	6	9
10904769	6	8
10650941	9	9
10114516	8	8
10364895	8	8
10406907	6	9
10268341	6	9
10874991	8	9
10709758	8	8
10988159	7	7
10516107	6	6
10411422	6	7
10740779	5	6
10407193	6	7
10630619	5	7
10881508	7	6
10983976	4	6
10166237	7	5
10312447	5	8
10009660	7	5
10616199	6	6
10593762	7	8
10254420	7	6
10582525	5	6
10453466	5	8
10921777	7	8
10929900	5	8
10353048	4	7
10102521	6	6
10793642	5	5
10042043	7	5
10626001	4	8
10503445	4	6
10639792	6	5
10942718	6	5
10179144	5	8
10398536	6	8
10603466	4	8
10323714	6	5
10761183	6	7
10882499	4	5
10619918	4	7
10870503	5	7
10082600	4	6
10522640	5	6
10539345	7	7
10003883	6	7
10412721	5	5
10203867	5	8
10561628	7	6
10589616	6	7
10293884	6	8
10637828	6	7
10355856	7	6
10158015	6	6
10335835	5	7
10534849	7	5
10108059	6	6
10513046	6	7
10308896	6	5
10693166	4	7
10919810	7	5
10041091	5	8
10534738	7	5
10321507	4	8
10411907	6	8
10735583	7	7
10499597	7	7
10896774	4	5
10021921	7	7
10744604	6	5
10534642	5	5
10481662	7	8
10750174	7	6
10220240	6	7
10972557	6	7
10689188	4	8
10925096	4	6
10599807	7	8
10496662	6	6
10919782	5	8
10292804	5	7
10910408	4	7
10184722	6	8
10989322	4	5
10831927	5	7
10118686	5	8
10404797	7	7
10587880	6	5
10645565	7	6
10477492	5	7
10398977	5	7
10000485	7	5
10012726	4	6
10406222	7	8
10997222	5	5
10629024	4	8
10245105	4	8
10287501	5	6
10106752	4	6
10098488	5	7
10457698	5	8
10720147	7	7
10223114	4	7
10535162	4	5
10514184	5	7
10455190	5	5
10050083	4	5
10233059	4	5
10439491	7	5
10703575	5	5
10280691	5	6
10231317	5	8
10190774	5	8
10843161	7	5
10963794	5	7
